48
0 134 459 531 214 569 455 1115 915 1266 474 718 912 473 1170 658 383 796 936 369 1172 69 445 1193 585 1902 686 265 1059 791 424 701 653 1162 383 164 551 815 839 448 747 434 646 350 778 136 986 474
134 0 593 651 347 692 590 1211 1016 1374 589 835 1025 605 1273 777 516 892 1044 501 1280 140 574 1289 710 2016 806 392 1164 897 559 820 772 1259 249 291 684 927 954 582 850 554 771 484 901 271 1083 609
459 593 0 333 246 318 86 928 724 1006 343 471 656 153 944 413 142 654 712 92 913 467 211 1000 308 1584 417 268 835 595 70 444 405 966 839 306 182 583 579 47 581 300 353 116 469 325 806 58
531 651 333 0 400 57 246 622 415 744 70 187 385 179 659 126 226 325 420 351 648 579 130 699 86 1371 155 271 546 283 272 169 121 665 890 459 192 292 309 286 256 97 132 302 252 418 494 279
214 347 246 400 0 421 254 1020 813 1142 364 583 782 288 1059 520 197 711 821 154 1047 223 284 1097 429 1757 540 151 947 682 219 561 514 1064 593 66 361 692 705 239 648 314 489 143 622 86 891 267
569 692 318 57 421 0 233 616 410 721 126 164 361 166 644 101 233 337 406 350 626 613 138 691 29 1339 119 304 532 279 264 140 94 657 935 483 155 275 284 273 263 141 79 308 208 449 491 260
455 590 86 246 254 233 0 847 642 934 259 390 579 67 867 330 83 568 632 129 840 476 126 920 225 1525 337 225 757 511 38 363 322 886 839 320 114 502 502 40 495 217 275 111 398 319 723 37
1115 1211 928 622 1020 616 847 0 207 229 657 457 288 781 106 517 847 318 219 967 184 1174 750 78 621 859 511 879 117 339 880 484 524 49 1418 1075 749 345 356 887 372 706 576 923 480 1025 129 870
915 1016 724 415 813 410 642 207 0 364 451 253 135 575 256 311 640 131 67 760 276 972 542 284 416 1015 309 673 149 131 674 281 319 251 1233 869 547 146 173 682 167 499 374 715 297 820 81 666
1266 1374 1006 744 1142 721 934 229 364 0 793 558 359 874 124 621 953 495 330 1062 95 1320 859 190 717 651 603 1014 215 476 971 580 628 192 1596 1202 824 452 437 971 525 837 660 1026 536 1161 316 949
474 589 343 70 364 126 259 657 451 793 0 246 438 198 702 189 216 347 465 342 698 526 133 735 154 1428 222 222 590 321 276 232 186 702 825 418 235 341 365 296 284 51 203 288 320 369 527 295
718 835 471 187 583 164 390 457 253 558 246 0 198 325 480 63 398 213 242 513 463 767 302 529 165 1184 55 458 368 131 424 28 70 495 1071 644 293 112 122 430 141 283 121 472 104 606 335 413
912 1025 656 385 782 361 579 288 135 359 438 198 0 517 288 261 594 216 77 706 264 963 499 351 358 990 244 656 182 145 615 221 268 318 1256 843 473 99 77 617 201 479 304 667 193 803 194 598
473 605 153 179 288 166 67 781 575 874 198 325 517 0 804 264 91 501 568 188 780 502 69 855 160 1475 274 220 693 445 98 299 257 821 855 353 78 438 440 108 428 163 213 153 341 339 657 99
1170 1273 944 659 1059 644 867 106 256 124 702 480 288 804 0 542 877 384 238 992 86 1226 781 94 644 768 530 925 112 380 902 505 550 79 1489 1117 762 368 365 906 423 748 592 952 479 1072 197 886
658 777 413 126 520 101 330 517 311 621 189 63 261 264 542 0 335 252 305 451 526 705 238 590 104 1245 36 397 430 182 363 42 7 556 1015 581 238 174 184 370 177 223 74 409 134 544 392 355
383 516 142 226 197 233 83 847 640 953 216 398 594 91 877 335 0 552 639 126 859 410 97 923 236 1562 350 141 765 508 73 373 327 889 766 262 168 509 516 101 482 167 295 75 426 248 720 116
796 892 654 325 711 337 568 318 131 495 347 213 216 501 384 252 552 0 182 677 407 855 456 397 351 1147 265 565 280 94 597 239 260 366 1105 763 488 154 204 609 75 397 326 627 297 709 191 597
936 1044 712 420 821 406 632 219 67 330 465 242 77 568 238 305 639 182 0 756 237 991 542 288 407 977 295 687 126 146 667 269 312 254 1267 879 531 130 137 672 196 511 359 714 261 835 117 654
369 501 92 351 154 350 129 967 760 1062 342 513 706 188 992 451 126 677 756 0 968 375 221 1042 348 1655 462 207 881 629 91 487 443 1008 747 213 244 625 628 99 606 293 401 56 527 236 841 126
1172 1280 913 648 1047 626 840 184 276 95 698 463 264 780 86 526 859 407 237 968 0 1224 764 180 622 740 508 918 130 383 877 485 533 165 1504 1107 731 357 342 877 432 742 566 931 444 1066 238 856
69 140 467 579 223 613 476 1174 972 1320 526 767 963 502 1226 705 410 855 991 375 1224 0 483 1252 626 1951 731 308 1115 846 442 748 700 1220 373 161 579 867 888 463 804 483 687 366 820 164 1044 490
445 574 211 130 284 138 126 750 542 859 133 302 499 69 781 238 97 456 542 221 764 483 0 825 145 1474 257 182 669 410 145 278 231 792 822 347 130 412 422 163 385 93 205 173 339 318 622 162
1193 1289 1000 699 1097 691 920 78 284 190 735 529 351 855 94 590 923 397 288 1042 180 1252 825 0 694 791 583 957 170 416 954 556 598 33 1496 1153 819 417 424 959 450 783 647 998 545 1103 208 942
585 710 308 86 429 29 225 621 416 717 154 165 358 160 644 104 236 351 407 348 622 626 145 694 0 1328 114 320 533 287 259 138 97 660 955 492 137 277 280 265 276 164 61 309 194 462 497 250
1902 2016 1584 1371 1757 1339 1525 859 1015 651 1428 1184 990 1475 768 1245 1562 1147 977 1655 740 1951 1474 791 1328 0 1220 1642 866 1122 1564 1202 1250 811 2244 1821 1411 1089 1063 1557 1173 1468 1268 1628 1135 1788 965 1533
686 806 417 155 540 119 337 511 309 603 222 55 244 274 530 36 350 265 295 462 508 731 257 583 114 1220 0 422 419 186 372 27 37 549 1046 603 238 165 166 377 191 252 65 423 99 568 390 359
265 392 268 271 151 304 225 879 673 1014 222 458 656 220 925 397 141 565 687 207 918 308 182 957 320 1642 422 0 812 544 207 439 391 924 640 197 298 561 580 235 507 176 381 156 513 147 749 255
1059 1164 835 546 947 532 757 117 149 215 590 368 182 693 112 430 765 280 126 881 130 1115 669 170 533 866 419 812 0 268 792 394 438 137 1382 1005 653 256 256 796 313 636 482 840 375 960 110 777
791 897 595 283 682 279 511 339 131 476 321 131 145 445 380 182 508 94 146 629 383 846 410 416 287 1122 186 544 268 0 543 158 190 382 1121 738 421 62 112 552 55 369 251 583 203 691 212 537
424 559 70 272 219 264 38 880 674 971 276 424 615 98 902 363 73 597 667 91 877 442 145 954 259 1564 372 207 792 543 0 398 356 920 808 284 152 537 538 28 524 231 311 75 435 287 755 50
701 820 444 169 561 140 363 484 281 580 232 28 221 299 505 42 373 239 269 487 485 748 278 556 138 1202 27 439 394 158 398 0 48 522 1058 623 265 139 143 403 166 266 92 447 98 586 363 386
653 772 405 121 514 94 322 524 319 628 186 70 268 257 550 7 327 260 312 443 533 700 231 598 97 1250 37 391 438 190 356 48 0 564 1011 575 230 181 191 362 184 218 68 402 136 538 400 347
1162 1259 966 665 1064 657 886 49 251 192 702 495 318 821 79 556 889 366 254 1008 165 1220 792 33 660 811 549 924 137 382 920 522 564 0 1467 1120 785 383 390 925 417 750 613 964 511 1070 176 908
383 249 839 890 593 935 839 1418 1233 1596 825 1071 1256 855 1489 1015 766 1105 1267 747 1504 373 822 1496 955 2244 1046 640 1382 1121 808 1058 1011 1467 0 533 933 1156 1188 831 1071 795 1014 733 1143 520 1295 857
164 291 306 459 66 483 320 1075 869 1202 418 644 843 353 1117 581 262 763 879 213 1107 161 347 1153 492 1821 603 197 1005 738 284 623 575 1120 533 0 427 751 766 303 703 369 552 209 686 72 945 331
551 684 182 192 361 155 114 749 547 824 235 293 473 78 762 238 168 488 531 244 731 579 130 819 137 1411 238 298 653 421 152 265 230 785 933 427 0 403 397 147 413 213 172 221 287 416 628 125
815 927 583 292 692 275 502 345 146 452 341 112 99 438 368 174 509 154 130 625 357 867 412 417 277 1089 165 561 256 62 537 139 181 383 1156 751 403 0 50 542 113 384 230 583 154 709 226 525
839 954 579 309 705 284 502 356 173 437 365 122 77 440 365 184 516 204 137 628 342 888 422 424 280 1063 166 580 256 112 538 143 191 390 1188 766 397 50 0 540 163 405 227 589 124 728 248 521
448 582 47 286 239 273 40 887 682 971 296 430 617 108 906 370 101 609 672 99 877 463 163 959 265 1557 377 235 796 552 28 403 362 925 831 303 147 542 540 0 535 253 313 98 434 311 763 27
747 850 581 256 648 263 495 372 167 525 284 141 201 428 423 177 482 75 196 606 432 804 385 450 276 1173 191 507 313 55 524 166 184 417 1071 703 413 113 163 535 0 334 251 558 233 652 242 523
434 554 300 97 314 141 217 706 499 837 51 283 479 163 748 223 167 397 511 293 742 483 93 783 164 1468 252 176 636 369 231 266 218 750 795 369 213 384 405 253 334 0 221 238 348 324 576 254
646 771 353 132 489 79 275 576 374 660 203 121 304 213 592 74 295 326 359 401 566 687 205 647 61 1268 65 381 482 251 311 92 68 613 1014 552 172 230 227 313 251 221 0 365 133 523 455 295
350 484 116 302 143 308 111 923 715 1026 288 472 667 153 952 409 75 627 714 56 931 366 173 998 309 1628 423 156 840 583 75 447 402 964 733 209 221 583 589 98 558 238 365 0 495 213 795 124
778 901 469 252 622 208 398 480 297 536 320 104 193 341 479 134 426 297 261 527 444 820 339 545 194 1135 99 513 375 203 435 98 136 511 1143 686 287 154 124 434 233 348 133 495 0 656 373 412
136 271 325 418 86 449 319 1025 820 1161 369 606 803 339 1072 544 248 709 835 236 1066 164 318 1103 462 1788 568 147 960 691 287 586 538 1070 520 72 416 709 728 311 652 324 523 213 656 0 895 338
986 1083 806 494 891 491 723 129 81 316 527 335 194 657 197 392 720 191 117 841 238 1044 622 208 497 965 390 749 110 212 755 363 400 176 1295 945 628 226 248 763 242 576 455 795 373 895 0 747
474 609 58 279 267 260 37 870 666 949 295 413 598 99 886 355 116 597 654 126 856 490 162 942 250 1533 359 255 777 537 50 386 347 908 857 331 125 525 521 27 523 254 295 124 412 338 747 0
