16
0 948 1819 6083 447 323 387 1736 593 1092 3301 374 790 2344 3115 3068
948 0 1981 6778 784 945 1182 1129 1182 1341 3424 837 1132 2547 3043 3511
1819 1981 0 7521 1450 1497 2178 1451 2411 731 1493 2143 2594 567 1337 1605
6083 6778 7521 0 6523 6351 5713 7806 5620 6973 8614 5984 5647 7806 8806 7673
447 784 1450 6523 0 202 833 1319 1012 721 2944 701 1155 2001 2706 2837
323 945 1497 6351 202 0 702 1514 916 769 2983 659 1100 2028 2792 2796
387 1182 2178 5713 833 702 0 2094 267 1461 3646 361 536 2685 3489 3333
1736 1129 1451 7806 1319 1514 2094 0 2193 1231 2617 1830 2216 1930 2098 3042
593 1182 2411 5620 1012 916 267 2193 0 1685 3890 363 280 2930 3707 3600
1092 1341 731 6973 721 769 1461 1231 1685 0 2224 1411 1862 1279 2028 2170
3301 3424 1493 8614 2944 2983 3646 2617 3890 2224 0 3635 4083 961 694 1128
374 837 2143 5984 701 659 361 1830 363 1411 3635 0 453 2683 3407 3440
790 1132 2594 5647 1155 1100 536 2216 280 1862 4083 453 0 3129 3860 3845
2344 2547 567 7806 2001 2028 2685 1930 2930 1279 961 2683 3129 0 1008 1127
3115 3043 1337 8806 2706 2792 3489 2098 3707 2028 694 3407 3860 1008 0 1709
3068 3511 1605 7673 2837 2796 3333 3042 3600 2170 1128 3440 3845 1127 1709 0
